$ANSIBLE_VAULT;1.1;AES256
33386364363630643362636633643437363730393438353063383736383338343939333162393234
6533643333393931313433663930353363386364323464650a613130336137323461666531383139
61633234653234383531616137633631383065333337613138653132363331636538343435363166
6635323437633533660a386131663562336366626439376139616564393233343639393839643233
61313530313763633830646535623239336339636161626137653964616132386661363131623835
63303332393163333034663936613531346434353463633265623934393161633764623931303361
35383335613237636461393065323838383465666562326437353633663039316235393836316263
38396666313364353334333636376639643833616133633461626633313533636332383537383534
34633234646431323630373132303066646364393863303364663332646533653239616664656162
64363361383466643539613234313064383539336564633730313836333263326262333635666536
31633933333761386637613861393431376366633361363262626262386564396331323331633335
65306634343066613436343636323937346564333665623265623834303664656461623934383032
36343535356164363166653039653931623832353433393236393765346564396464303937363838
65303166383263353464303434656264323839636663653963653333663235326338323035386637
30363332376364626639356164346135346136366339386537623830383735646239326635666535
32333334343238326532626533386661313531326530396438663135363361666161376466393566
33343839633262343962313666363566343431393735333331346334643032363236373633623132
3035623630626436613233393963653565326531616130363835
