$ANSIBLE_VAULT;1.1;AES256
38316163303632356564663132393138613564663135353366316136613136346535656636656462
3631656233303833383930353831373163333430353435640a373436366130346134356233663765
62646134373139346339303466363561386337623731653235323134386437366131313532306339
3462666163343666640a653939343933646362393631626237663037303734636561363434666238
36376566643963653364373461353733323039323332393632623538393235316233366562613537
63333430393963366130376131643663373864316366393431613036313233306234653564323863
37366132646238326462623531303233653137653230303535316463643838626466393266346266
66333664373439303366306630643765316339643365643834336138306333653936643438646435
39366231373031343233653133623364373239663764633361393261353430666530386466646163
66613766663866386265613964363631333733616564326566316261623732616435623135666465
65386337343437613061306637363162646134336336653436663839363836323439343239616131
38313165363262306565313734653362383830333731303465306464653939373834633034303936
64313266373066613837316461343535303231656335326330383638306132646239326331663163
37353666316536663063316135636539393632333136616432646135373266653361653465656438
62376630306336363862343435666633316634343030373835306135613166653261623963343733
63373736666437326239653231633533333061313964343365653931626536323238633338393532
64373162663231363266306331343339303635343939356435393462343465363462393033363530
36343035316466623039333231666333353436393561656532313737643130386435623764326130
32383963306230643762393563303262623130383431663866303631613936613430326336623763
66663333653664333865376136633834376562633638386366613533636537333434613930636433
33373833353539356536333934653834383666383163316532626230313037666238343731373630
38393131316166313136656232303339356235366165336231616537383534373835323638373030
35323336653536363839313732373265646335333466356166386266356437643166633862303734
35303032326562346139646331363133616431633731306665613836366434663433313136343165
65323636656534613835643036623438626635333038366263656566346164313665386563313633
35666365633630356636313466386566363966653836633861616362333830336337306665353962
36666532373430393564333263656163663937333966626635333864663230303266353735666336
62353331613038636664393632323335396337653132656337356331316434336136353765623438
35373632333834363566333366383866363837373039613765393862323661343930643062336265
65626634656261653465323134323936323134323965373934346562353562306263303236333566
65663930336362333438333837383131643536633537366264373931626436373137646630336162
66333965663331336430646137336563313666633462343230346262393164306661313937626235
63336637653337373034656437316231326464356533333037393862616262663731393062306236
30343739613435343261653730653631643061393462363338373836326330626130356564363338
33636331646466336664636331333831636164626137333237383339626430663439333563316632
66383334643835363966643735356235313665366466393430363731313736363139626233613661
63316365663637663533313637383930666466633361663134346262656632353764623065343436
64663963333833626630376537366666313661343534343639306161313139306635626536386631
39346438623037666634613562353462323034393562336131333532306433336537613261633436
33623666303532396661353064376264383031306431393463663264326131663938353139353565
66333234313662323332366333626633643732356665316131316135353564613135623561326666
62373037316666316238306137316636396139376236303238386437313336383231666336316336
34376532333632356330616430303630336634383730313863656438663437353836373761316237
37336538626634623066653565336639663739326335396132623031386336373137383537613864
38316631623961303334386465373761656566656639646338616162393035323932616266316433
39313538393963613432393634393335353666633839323533386564323135353163333333643238
33313531623139626235316436303661373534663035363230623934613566326331356538623434
30313863373035393836376638616434313736313866356534343439333432353035643434353431
33663138343638333834353933323564613835363732363737333931323732613466356230313137
30343731333665386536353664363038653538316131613763666265363132303333313866396661
39326333363434336365313637333962356236366637663339633030643762346165646537396262
61633530643734326538613236663639663633613732623936656662623939666633393866353538
6432
